94
0 17
1 22
2 10
3 28
4 0
5 18
6 27
7 15
8 29
9 0
10 5
11 20
12 9
13 16
14 21
15 24
16 7
17 2
18 17
19 10
20 10
21 18
22 7
23 0
24 5
25 28
26 29
27 0
28 20
29 24
30 14
31 10
32 2
33 10
34 0
35 12
36 26
37 28
38 8
39 20
40 28
41 17
42 26
43 0
44 17
45 8
46 27
47 22
48 0
49 21
50 8
51 14
52 10
53 6
54 28
55 27
56 14
57 22
58 0
59 27
60 23
61 10
62 21
63 20
64 5
65 18
66 15
67 2
68 20
69 23
70 20
71 25
72 26
73 4
74 16
75 0
76 9
77 15
78 10
79 3
80 12
81 21
82 17
83 19
84 21
85 23
86 17
87 14
88 9
89 24
90 0
91 23
92 18
93 0
